10
100
9 2 4 3 7 1 5 6 8 0 44.8328
1 7 5 4 2 0 6 3 9 8 44.4031
5 4 8 2 9 0 3 7 1 6 42.5413
5 4 8 2 9 0 3 7 1 6 42.5413
9 2 8 4 7 1 3 0 6 5 41.0076
9 2 8 4 7 1 3 0 6 5 41.0076
1 4 8 2 9 0 6 3 5 7 38.2502
6 3 5 0 9 2 4 8 1 7 38.2323
9 2 4 8 7 1 5 0 6 3 34.2343
9 2 4 8 7 1 5 0 6 3 34.2343
9 2 4 8 7 1 5 0 6 3 34.2343
9 2 4 8 7 1 5 0 6 3 34.2343
9 2 4 8 7 1 5 0 6 3 34.2343
9 2 4 8 7 1 5 0 6 3 34.2343
6 0 3 5 7 1 8 4 2 9 34.14
9 2 4 8 7 1 5 0 3 6 34.0736
9 2 4 8 7 1 5 0 3 6 34.0736
8 4 2 9 0 3 6 5 1 7 33.8764
8 4 2 9 0 3 6 5 1 7 33.8764
8 4 2 9 0 3 6 5 1 7 33.8764
9 2 4 8 7 1 5 3 0 6 33.6608
9 2 4 8 7 1 5 3 0 6 33.6608
9 2 4 8 7 1 5 3 0 6 33.6608
9 2 4 8 7 1 5 3 0 6 33.6608
8 4 2 9 3 0 6 5 1 7 33.5785
9 2 4 8 7 1 5 6 0 3 33.5785
9 2 4 8 7 1 5 6 0 3 33.5785
9 2 4 8 7 1 5 6 0 3 33.5785
9 2 4 8 7 1 5 6 0 3 33.5785
9 2 4 8 7 1 5 6 0 3 33.5785
9 2 4 8 7 1 5 6 0 3 33.5785
9 2 4 8 7 1 5 6 0 3 33.5785
9 2 4 8 7 1 5 6 0 3 33.5785
9 2 4 8 7 1 5 6 0 3 33.5785
9 2 4 8 7 1 5 6 0 3 33.5785
9 2 4 8 7 1 5 6 0 3 33.5785
9 2 4 8 7 1 5 6 0 3 33.5785
9 2 4 8 7 1 5 6 0 3 33.5785
9 2 4 8 7 1 5 6 0 3 33.5785
9 2 4 8 7 1 5 6 0 3 33.5785
9 2 4 8 7 1 5 6 0 3 33.5785
9 2 4 8 7 1 5 6 0 3 33.5785
9 2 4 8 7 1 5 6 0 3 33.5785
9 2 4 8 7 1 5 6 0 3 33.5785
9 2 4 8 7 1 5 6 0 3 33.5785
9 2 4 8 7 1 5 6 0 3 33.5785
9 2 4 8 7 1 5 6 0 3 33.5785
9 2 4 8 7 1 5 6 0 3 33.5785
9 2 4 8 7 1 5 6 0 3 33.5785
9 2 4 8 7 1 5 6 0 3 33.5785
9 2 4 8 7 1 5 6 0 3 33.5785
9 2 4 8 7 1 5 6 0 3 33.5785
9 2 4 8 7 1 5 6 0 3 33.5785
9 2 4 8 7 1 5 6 0 3 33.5785
9 2 4 8 7 1 5 6 0 3 33.5785
9 2 4 8 7 1 5 6 0 3 33.5785
9 2 4 8 7 1 5 6 0 3 33.5785
9 2 4 8 7 1 5 6 0 3 33.5785
9 2 4 8 7 1 5 6 0 3 33.5785
9 2 4 8 7 1 5 6 0 3 33.5785
9 2 4 8 7 1 5 6 0 3 33.5785
9 2 4 8 7 1 5 6 0 3 33.5785
9 2 4 8 7 1 5 6 0 3 33.5785
9 2 4 8 7 1 5 6 0 3 33.5785
9 2 4 8 7 1 5 6 0 3 33.5785
9 2 4 8 7 1 5 6 0 3 33.5785
9 2 4 8 7 1 5 6 0 3 33.5785
9 2 4 8 7 1 5 6 0 3 33.5785
9 2 4 8 7 1 5 6 0 3 33.5785
9 2 4 8 7 1 5 6 0 3 33.5785
9 2 4 8 7 1 5 6 0 3 33.5785
9 2 4 8 7 1 5 6 0 3 33.5785
9 2 4 8 7 1 5 6 0 3 33.5785
9 2 4 8 7 1 5 6 0 3 33.5785
9 2 4 8 7 1 5 6 0 3 33.5785
9 2 4 8 7 1 5 6 0 3 33.5785
9 2 4 8 7 1 5 6 0 3 33.5785
9 2 4 8 7 1 5 6 0 3 33.5785
9 2 4 8 7 1 5 6 0 3 33.5785
9 2 4 8 7 1 5 6 0 3 33.5785
9 2 4 8 7 1 5 6 0 3 33.5785
9 2 4 8 7 1 5 6 0 3 33.5785
9 2 4 8 7 1 5 6 0 3 33.5785
9 2 4 8 7 1 5 6 0 3 33.5785
9 2 4 8 7 1 5 6 0 3 33.5785
9 2 4 8 7 1 5 6 0 3 33.5785
9 2 4 8 7 1 5 6 0 3 33.5785
9 2 4 8 7 1 5 6 0 3 33.5785
9 2 4 8 7 1 5 6 0 3 33.5785
9 2 4 8 7 1 5 6 0 3 33.5785
9 2 4 8 7 1 5 6 0 3 33.5785
9 2 4 8 7 1 5 6 0 3 33.5785
9 2 4 8 7 1 5 6 0 3 33.5785
9 2 4 8 7 1 5 6 0 3 33.5785
9 2 4 8 7 1 5 6 0 3 33.5785
9 2 4 8 7 1 5 6 0 3 33.5785
9 2 4 8 7 1 5 6 0 3 33.5785
9 2 4 8 7 1 5 6 0 3 33.5785
9 2 4 8 7 1 5 6 0 3 33.5785
9 2 4 8 7 1 5 6 0 3 33.5785
