10
50
9 2 5 4 8 6 3 0 7 1 21.824
9 6 5 4 8 2 3 0 7 1 21.0029
9 6 5 4 8 2 3 0 7 1 21.0029
9 6 5 4 8 2 3 0 7 1 21.0029
9 6 5 4 8 2 3 0 7 1 21.0029
6 2 5 4 8 1 3 0 7 9 20.3338
6 2 5 4 8 7 3 0 1 9 18.2895
6 2 5 4 8 7 3 0 1 9 18.2895
6 2 5 4 8 7 3 0 1 9 18.2895
6 2 5 4 8 7 3 0 1 9 18.2895
6 2 5 4 8 7 3 0 1 9 18.2895
6 2 5 4 8 7 3 0 1 9 18.2895
6 2 5 4 8 7 3 0 1 9 18.2895
6 2 5 4 8 7 3 0 1 9 18.2895
6 2 5 4 8 7 3 0 1 9 18.2895
6 2 5 4 8 7 3 0 1 9 18.2895
6 2 5 4 8 7 3 0 1 9 18.2895
6 2 5 4 8 7 3 0 1 9 18.2895
6 2 5 4 8 7 3 0 1 9 18.2895
6 2 5 4 8 7 3 0 1 9 18.2895
6 2 5 4 8 7 3 0 1 9 18.2895
6 2 5 4 8 7 3 0 1 9 18.2895
6 2 5 4 8 7 3 0 1 9 18.2895
6 2 5 4 8 7 3 0 1 9 18.2895
6 2 5 4 8 7 3 0 1 9 18.2895
6 2 5 4 8 7 3 0 1 9 18.2895
6 2 5 4 8 7 3 0 1 9 18.2895
6 2 5 4 8 7 3 0 1 9 18.2895
6 2 5 4 8 7 3 0 1 9 18.2895
6 2 5 4 8 7 3 0 1 9 18.2895
6 2 5 4 8 7 3 0 1 9 18.2895
6 2 5 4 8 7 3 0 1 9 18.2895
6 2 5 4 8 7 3 0 1 9 18.2895
6 2 5 4 8 7 3 0 1 9 18.2895
6 2 5 4 8 7 3 0 1 9 18.2895
6 2 5 4 8 7 3 0 1 9 18.2895
6 2 5 4 8 7 3 0 1 9 18.2895
6 2 5 4 8 7 3 0 1 9 18.2895
6 2 5 4 8 7 3 0 1 9 18.2895
6 2 5 4 8 7 3 0 1 9 18.2895
6 2 5 4 8 7 3 0 1 9 18.2895
6 2 5 4 8 7 3 0 1 9 18.2895
6 2 5 4 8 7 3 0 1 9 18.2895
6 2 5 4 8 7 3 0 1 9 18.2895
6 2 5 4 8 7 3 0 1 9 18.2895
6 2 5 4 8 7 3 0 1 9 18.2895
6 2 5 4 8 7 3 0 1 9 18.2895
6 2 5 4 8 7 3 0 1 9 18.2895
6 2 5 4 8 7 3 0 1 9 18.2895
6 2 5 4 8 7 3 0 1 9 18.2895
